100 3 2 1  27.797029

3
1
5
9
3
6
10
2
5
10
4
8
2
3
8
1
4
9
2
4
3
3
8
4
2
3
8
9
6
2
3
9
5
8
6
9
8
7
4
5
4
5
3
2
7
10
5
1
3
6
6
1
10
10
7
5
5
7
1
8
9
9
8
2
9
5
9
9
3
7
2
7
1
6
6
2
5
10
10
10
4
6
5
3
9
6
6
2
7
4
6
2
2
2
7
9
6
2
6
10


 43 

3 0
3 1
3 1
3 1
1 0
2 0
1 1
2 0
2 1
2 0
3 1
2 0
3 1
3 1
1 0
2 0
2 0
2 1
2 1
2 1
2 0
2 0
3 1
1 1
2 0
3 1
2 1
3 0
2 0
3 0
1 0
2 0
3 0
3 0
1 1
1 1
3 0
1 0
1 1
2 0
3 0
1 0
1 1
1 1
3 0
2 1
3 1
1 1
2 0
2 0
2 0
1 1
1 0
3 0
3 1
2 1
2 0
2 1
1 1
1 0
3 0
1 0
3 0
1 0
1 0
3 1
1 1
1 1
1 0
1 0
3 0
3 0
1 1
1 1
2 1
2 0
3 0
1 0
1 1
2 0
3 1
3 1
1 0
3 1
1 0
2 1
2 0
2 0
1 0
2 1
3 0
3 0
3 1
2 1
1 0
3 0
3 1
2 0
1 0
1 0

  3   8   9 
  3   6  15 
  3   4  12 
  3   6  15 
  3   7   9 
  3   9  12 
  3   7   8 
  3   8  12 
  3   7  15 
  3   7  14 
  3   4   5 
  3   4  12 
  3   6  11 
  3   8  13 
  3   4   9 
  3   4   8 
  3   9  16 
  3   7  10 
  3   5  10 
  3   4   9 
  3   7  16 
  3   5   7 
  3   4   7 
  3   5  13 
  3   5   9 
  3   9  11 
  3   5  13 
  3   6   8 
  3   7  16 
  3   8  17 
  3   7  11 
  3   4   6 
  3   9  11 
  3   8  13 
  3   6  15 
  3   7  13 
  3   9  14 
  3   4  13 
  3   6   8 
  3   8  17 
  3   5   7 
  3   7   9 
  3   9  16 
  3   8  10 
  3   9  14 
  3   5  12 
  3   7  13 
  3   9  12 
  3   7   8 
  3   6   8 
  3   7  13 
  3   8  10 
  3   5  14 
  3   6   9 
  3   7   9 
  3   7  12 
  3   7   8 
  3   9  14 
  3   6  12 
  3   8  11 
  3   9  13 
  3   8  17 
  3   5  12 
  3   5  14 
  3   4   5 
  3   4  11 
  3   9  13 
  3   8   9 
  3   8  12 
  3   4  12 
  3   4   5 
  3   5   9 
  3   9  16 
  3   6  15 
  3   8  16 
  3   9  17 
  3   9  14 
  3   7  14 
  3   6   9 
  3   8  14 
  3   5   7 
  3   5   7 
  3   8   9 
  3   5   9 
  3   9  18 
  3   7  10 
  3   7   9 
  3   6  14 
  3   7  11 
  3   7   8 
  3   5  10 
  3   4   7 
  3   9  15 
  3   5   6 
  3   6   8 
  3   6  10 
  3   7   9 
  3   4   7 
  3   8  12 
  3   9  12 


  0 20.881 34.205 21.633 10.770 12.042 39.408 33.615 31.257 27.074 68.768 66.189 90.139 68.469 84.077 41.340 20.000 38.210 72.139 14.036 83.672 10.817 54.148 47.508 21.932 33.015 49.041 56.356 66.030 39.000 42.802 51.865 31.890 64.661 49.244 71.028 72.000 35.341 33.838 50.359 20.591 56.613 27.659 17.720 25.080 27.295 40.000 11.180 55.471 36.346 60.539 65.620 37.336 18.601 54.406 73.756 85.907 57.801 61.400 51.420 64.133 18.028 57.983 37.121 84.723 34.928 53.666 9.055 43.139 30.676 74.324 80.722 62.008 74.673 65.437 59.439 48.836 42.450 80.994 14.318 63.891 69.642 85.041 53.254 25.080 55.714 68.942 68.797 53.600 66.189 55.009 50.220 10.050 42.755 62.968 48.104 58.856 13.038 27.166 37.643 
20.881   0 55.082 42.048 22.627 17.804 54.708 49.578 14.866 37.590 81.884 65.765 108.208 68.029 71.309 21.932 40.249 34.525 91.214 29.000 71.589 14.318 74.027 36.620 15.000 21.024 53.263 76.968 51.264 49.244 40.447 49.820 15.524 48.754 65.856 67.357 80.523 38.328 22.023 70.000 15.620 60.075 24.021 33.971 30.676 37.590 51.108 14.866 70.576 56.009 75.452 60.017 24.207 35.355 64.405 78.102 73.756 75.690 56.515 70.257 76.059 35.228 73.389 39.115 91.967 41.761 54.148 24.207 26.401 37.802 89.308 91.608 81.835 74.324 60.745 72.007 69.635 61.205 70.456 18.788 83.487 67.186 103.325 68.352 35.847 76.551 57.559 54.708 71.449 61.847 62.241 43.932 12.207 55.570 75.664 61.270 52.953 9.055 47.096 31.321 
34.205 55.082   0 15.297 37.014 42.012 32.016 29.732 64.195 39.357 57.245 80.430 65.000 80.957 109.986 74.733 17.263 61.984 45.188 32.388 108.853 42.953 24.698 75.505 53.000 63.246 59.135 24.042 94.921 44.598 64.078 70.711 64.413 94.641 35.171 88.752 71.120 53.226 63.820 22.672 50.774 67.268 54.745 29.120 45.222 38.588 41.976 43.186 42.059 14.318 48.052 85.088 68.118 26.907 53.009 79.812 111.041 37.054 80.623 27.019 57.940 26.173 43.081 55.462 82.608 48.021 69.065 34.000 74.947 44.418 59.076 72.125 33.121 86.128 85.088 52.924 15.000 21.541 104.623 42.720 35.777 86.023 59.615 40.522 38.484 21.954 94.366 96.897 34.015 84.077 58.549 72.801 43.738 41.400 53.600 42.048 79.612 46.819 13.416 63.789 
21.633 42.048 15.297   0 22.091 27.295 37.696 19.647 49.649 25.000 66.370 67.179 69.635 80.623 103.465 62.968 2.000 46.819 50.990 17.117 102.728 31.890 39.395 60.208 38.118 53.759 59.135 34.928 86.556 32.450 49.193 56.303 53.413 85.586 31.575 74.813 62.642 38.588 54.489 36.715 41.037 54.672 39.459 13.928 30.083 36.346 44.407 28.862 51.313 24.759 44.283 81.597 53.009 23.195 57.723 68.964 104.957 38.013 77.162 40.000 51.352 22.204 53.009 40.817 88.600 34.059 55.317 19.235 64.537 41.773 57.271 80.498 40.460 86.371 70.725 46.271 30.150 32.527 99.298 33.422 42.450 72.346 64.405 49.396 23.854 34.928 87.983 89.022 34.015 81.320 61.400 67.543 30.083 31.623 61.717 48.104 75.392 34.670 17.493 48.508 
10.770 22.627 37.014 22.091   0 5.385 48.836 27.019 27.659 17.117 78.492 55.471 85.586 78.918 91.548 44.553 20.100 28.425 68.819 6.403 91.417 19.105 59.666 39.560 16.031 39.925 59.775 56.321 72.471 29.275 32.558 41.400 36.892 70.491 43.278 60.605 62.129 24.597 40.853 56.321 28.636 45.880 18.788 11.402 14.318 38.013 50.478 7.810 64.661 42.720 53.339 75.166 31.145 28.320 64.900 63.151 93.638 53.075 71.063 58.310 55.362 27.586 67.007 26.420 95.383 24.331 42.942 3.162 48.260 41.437 67.231 90.907 59.942 85.159 55.227 50.922 52.010 49.659 89.286 24.021 61.400 59.076 80.722 62.482 15.133 56.886 76.844 75.584 48.836 76.007 65.742 59.414 10.817 34.176 72.863 58.052 68.264 18.385 33.615 28.653 
12.042 17.804 42.012 27.295 5.385   0 51.400 31.828 22.361 20.248 80.808 55.154 90.609 77.878 87.920 39.699 25.318 26.249 74.061 11.662 87.932 17.263 64.133 35.777 11.045 36.401 59.615 61.685 68.447 32.280 31.064 40.311 32.650 66.242 48.104 59.363 64.630 24.739 37.363 60.638 26.019 46.690 15.620 16.643 15.033 38.833 51.856 3.162 67.424 46.840 57.689 73.000 26.476 30.610 66.219 64.382 90.139 58.138 69.029 62.298 58.873 30.000 69.893 26.249 96.255 26.019 42.720 8.062 43.909 41.593 71.561 92.698 65.299 84.172 53.600 54.626 57.009 53.488 86.122 22.804 66.731 58.181 85.796 65.215 18.385 62.169 73.498 71.694 53.907 74.108 66.370 57.035 7.071 38.013 75.007 60.141 66.008 15.133 37.643 25.612 
39.408 54.708 32.016 37.696 48.836 51.400   0 57.245 68.542 60.465 29.732 102.801 95.603 51.000 87.201 67.007 38.484 77.233 75.690 48.270 85.428 40.497 29.069 86.822 61.057 51.157 30.000 52.202 76.557 69.771 81.320 89.872 56.036 77.833 66.483 109.041 100.245 72.346 51.245 24.759 42.297 91.269 67.007 48.260 62.290 19.026 12.042 50.478 16.125 18.439 79.511 58.694 76.059 20.809 21.000 106.438 87.459 69.065 54.452 21.095 88.295 21.401 18.788 74.411 51.196 69.635 90.427 45.967 63.388 22.804 91.022 43.046 63.325 55.543 103.947 83.199 35.777 15.000 80.056 36.139 66.219 107.168 90.250 13.892 58.822 47.424 72.111 77.369 66.000 56.727 26.926 50.249 48.374 69.289 24.413 10.440 54.672 45.880 20.616 77.006 
33.615 49.578 29.732 19.647 27.019 31.828 57.245   0 51.624 15.524 85.422 51.313 58.898 99.126 117.631 71.505 19.235 39.115 43.382 20.809 117.273 44.283 53.907 54.452 39.661 66.242 78.006 37.336 99.126 15.264 39.115 43.681 63.820 97.350 16.279 60.374 43.012 28.018 67.119 52.326 54.129 37.802 36.401 16.125 24.352 55.000 63.953 34.713 70.235 42.720 26.926 98.489 51.264 42.048 77.369 50.220 119.507 26.627 94.149 56.727 32.016 41.049 71.694 30.067 108.240 21.213 40.719 26.077 75.213 60.075 40.719 99.810 36.674 105.043 57.585 27.000 41.340 50.478 114.586 47.760 37.363 57.306 54.203 68.425 16.155 40.522 102.552 102.083 22.472 98.656 80.895 83.522 37.802 12.083 81.025 67.676 91.924 44.944 36.770 42.579 
31.257 14.866 64.195 49.649 27.659 22.361 68.542 51.624   0 37.014 96.385 55.009 110.209 81.884 79.310 26.306 47.676 24.515 94.895 33.526 80.100 28.178 85.376 22.361 12.083 33.242 68.015 83.934 58.421 46.755 30.414 39.051 25.962 54.918 67.424 54.918 74.733 32.249 34.176 81.615 30.414 51.923 17.205 38.275 28.320 52.154 65.734 21.024 84.581 67.602 74.967 72.422 9.849 48.384 79.202 69.635 82.152 78.230 69.289 82.565 73.007 48.083 87.321 32.202 106.794 37.802 44.553 30.414 34.000 52.631 88.414 106.400 86.925 88.119 48.052 69.656 79.158 73.546 80.056 33.287 88.142 55.326 105.683 82.347 35.805 84.528 67.067 62.290 74.095 74.673 77.104 56.648 21.213 54.452 90.211 75.664 65.460 22.825 58.421 20.100 
27.074 37.590 39.357 25.000 17.117 20.248 60.465 15.524 37.014   0 90.000 42.521 73.239 95.525 108.167 59.076 23.431 24.021 58.694 13.342 108.157 36.222 64.008 39.115 25.456 56.613 75.710 52.010 88.640 12.166 25.000 31.385 52.802 86.313 30.529 49.820 45.044 13.928 57.567 61.587 45.706 30.887 21.024 12.207 8.944 53.160 64.475 23.409 75.286 49.679 38.288 92.266 35.847 41.629 78.721 47.127 110.368 41.593 88.142 65.000 38.626 40.719 77.233 16.155 109.659 9.220 30.414 18.028 63.953 57.271 52.010 103.465 52.173 101.710 45.793 34.438 53.141 57.385 106.231 41.012 52.887 47.424 68.797 73.246 2.000 54.452 93.680 91.924 37.577 93.048 80.654 76.531 27.203 18.028 84.876 70.491 85.376 35.171 41.725 27.166 
68.768 81.884 57.245 66.370 78.492 80.808 29.732 85.422 96.385 90.000   0 132.439 114.158 49.649 94.868 89.989 67.417 106.832 95.000 77.987 92.358 68.264 41.049 115.802 90.000 73.246 38.053 71.028 90.449 98.793 111.018 119.604 79.699 93.134 92.347 138.773 128.035 102.069 73.007 39.051 67.624 120.673 96.426 77.801 92.022 44.294 30.871 79.649 15.232 43.081 105.081 64.195 104.561 50.249 20.025 135.326 93.984 92.574 61.131 33.061 115.169 50.931 14.318 104.139 29.411 99.202 120.104 75.664 84.345 44.944 115.122 15.133 83.054 51.039 133.660 110.136 54.148 35.735 85.796 63.135 86.052 136.883 109.073 17.000 88.408 65.000 82.000 89.944 90.244 60.745 27.295 63.127 77.201 97.494 6.325 20.809 63.348 73.573 48.877 106.405 
66.189 65.765 80.430 67.179 55.471 55.154 102.801 51.313 55.009 42.521 132.439   0 88.566 132.563 134.239 81.154 65.765 31.257 82.492 54.644 135.093 72.111 105.000 36.688 50.990 86.701 114.769 86.539 113.283 36.056 25.318 16.031 80.225 109.554 56.321 11.045 32.696 30.887 87.693 103.078 79.555 13.928 41.976 54.672 41.183 93.477 105.816 57.585 117.796 91.935 53.085 125.766 46.271 83.217 120.221 19.105 137.131 66.287 122.184 106.963 42.190 82.377 119.754 29.069 150.841 33.302 12.530 57.801 89.006 96.664 60.671 145.661 81.744 138.885 13.601 43.012 92.650 99.705 135.015 77.833 81.025 7.000 86.145 115.745 44.045 90.802 122.016 117.209 64.031 127.475 121.198 109.659 61.351 41.629 127.201 112.645 118.697 68.680 84.220 35.014 
90.139 108.208 65.000 69.635 85.586 90.609 95.603 58.898 110.209 73.239 114.158 88.566   0 145.839 173.066 130.115 70.803 93.472 19.925 79.209 172.261 100.896 73.110 108.747 98.407 123.065 124.064 43.738 156.029 65.299 91.000 90.802 121.754 154.797 42.802 99.609 58.078 81.841 123.847 75.425 110.422 76.485 94.032 74.250 82.098 103.315 106.569 93.381 100.717 77.201 37.336 149.817 108.559 90.824 115.953 74.061 174.485 32.527 145.344 81.394 46.390 89.944 100.404 83.193 142.790 74.706 84.646 84.149 133.124 109.124 28.018 129.062 32.280 150.841 100.623 46.325 60.828 81.786 168.585 103.005 29.411 95.525 5.385 99.985 74.404 49.366 157.544 158.600 36.770 148.977 122.528 136.693 96.167 56.824 112.641 104.561 144.059 102.650 78.390 97.949 
68.469 68.029 80.957 80.623 78.918 77.878 51.000 99.126 81.884 95.525 49.649 132.563 145.839   0 46.530 62.968 80.399 101.843 125.936 82.298 43.738 60.638 78.816 104.235 81.933 49.092 21.840 102.956 48.083 107.299 107.517 117.004 56.859 52.202 112.147 135.192 140.228 102.611 48.260 74.887 53.141 124.535 90.758 85.053 92.763 44.283 39.395 75.186 53.038 68.942 124.904 17.263 91.706 57.428 33.941 142.042 45.122 117.154 16.553 70.000 131.061 58.421 55.227 104.048 35.355 103.247 120.333 77.524 54.452 39.051 137.768 46.690 113.653 6.325 128.693 126.099 86.770 65.863 36.878 55.109 116.456 134.737 140.456 52.345 93.536 98.387 36.346 46.098 113.565 13.153 25.495 26.870 71.309 110.000 45.486 44.204 20.591 63.891 67.720 99.161 
84.077 71.309 109.986 103.465 91.548 87.920 87.201 117.631 79.310 108.167 94.868 134.239 173.066 46.530   0 53.085 102.396 103.697 154.029 97.170 3.162 73.348 116.211 99.045 85.907 51.624 59.059 133.959 21.000 120.167 109.659 118.343 55.785 25.179 133.297 133.034 151.832 109.444 50.695 111.826 63.506 130.698 94.541 101.553 101.922 72.125 75.452 84.758 94.826 101.863 144.506 30.676 88.051 83.096 76.557 148.637 3.606 141.315 34.015 108.227 146.779 83.869 97.494 110.023 81.025 113.053 123.794 91.788 45.541 66.483 158.345 93.215 142.611 48.010 126.036 142.443 120.216 101.671 10.050 70.328 145.000 134.004 167.800 93.536 106.283 130.863 15.620 17.029 137.201 34.205 68.154 37.483 80.994 125.718 89.889 84.220 32.757 73.164 97.000 99.408 
41.340 21.932 74.733 62.968 44.553 39.699 67.007 71.505 26.306 59.076 89.989 81.154 130.115 62.968 53.085   0 61.294 50.804 112.929 50.912 54.000 31.780 90.802 46.390 34.438 16.763 55.009 97.617 32.140 70.328 56.719 65.276 11.045 28.636 87.784 80.225 100.305 57.585 17.088 86.493 25.318 78.102 42.379 55.866 51.478 48.042 59.841 36.797 81.498 73.007 97.201 50.249 35.000 51.196 70.520 95.901 56.009 97.591 48.010 85.586 97.129 51.420 84.481 57.871 93.193 62.169 70.859 46.011 8.944 45.541 111.018 96.773 103.228 68.768 73.246 93.295 88.600 76.792 54.452 32.985 105.000 81.025 125.208 79.404 57.428 96.607 41.593 36.056 93.349 53.254 65.795 36.125 33.971 77.104 83.678 70.859 43.829 28.302 64.846 46.390 
20.000 40.249 17.263 2.000 20.100 25.318 38.484 19.235 47.676 23.431 67.417 65.765 70.803 80.399 102.396 61.294   0 44.944 52.345 15.133 101.710 30.414 41.231 58.249 36.125 52.402 59.034 36.770 85.276 31.385 47.413 54.644 51.856 84.220 32.016 73.246 62.097 36.892 53.151 38.471 39.699 53.413 37.483 12.083 28.231 36.125 44.721 26.926 52.431 26.249 44.553 80.957 51.010 23.022 58.241 68.000 103.942 38.949 76.538 41.617 51.157 22.023 54.203 39.115 89.185 32.558 53.814 17.263 63.032 41.437 57.723 81.413 42.012 86.209 69.065 46.098 32.140 33.971 98.387 32.202 43.932 70.838 65.605 50.478 22.204 36.878 86.954 87.801 34.886 80.777 61.660 66.708 28.231 31.048 62.650 48.847 74.673 33.015 18.601 46.573 
38.210 34.525 61.984 46.819 28.425 26.249 77.233 39.115 24.515 24.021 106.832 31.257 93.472 101.843 103.697 50.804 44.944   0 81.043 30.414 104.389 42.059 86.163 15.524 19.925 55.444 85.000 76.026 82.873 28.231 6.000 15.297 49.041 79.429 52.202 33.541 51.108 11.705 56.436 83.259 48.703 27.514 11.180 32.894 16.763 65.000 78.102 28.018 93.086 70.235 56.436 94.541 17.493 56.586 92.455 45.122 106.471 63.600 91.005 85.884 51.662 55.902 95.425 10.296 122.319 18.974 20.100 31.401 58.215 67.417 68.819 118.929 75.664 108.167 27.459 49.204 76.400 77.524 104.019 47.885 76.118 32.894 89.554 90.907 24.187 78.409 91.022 86.701 59.908 96.317 92.358 78.447 31.385 36.770 101.119 86.267 87.476 38.079 61.400 5.000 
72.139 91.214 45.188 50.990 68.819 74.061 75.690 43.382 94.895 58.694 95.000 82.492 19.925 125.936 154.029 112.929 52.345 81.043   0 62.426 153.118 82.735 54.037 96.566 82.855 104.738 104.178 24.083 137.535 53.151 79.624 81.302 104.005 136.561 28.862 93.343 56.462 69.376 105.475 56.036 92.022 69.116 79.706 57.428 67.624 83.648 86.649 76.609 81.222 57.280 29.614 130.177 94.541 71.344 96.104 71.470 155.332 17.464 125.706 62.032 42.059 70.491 81.056 71.063 123.329 62.097 76.026 67.007 115.278 89.471 28.425 110.018 12.369 130.920 93.005 39.812 41.195 61.984 149.251 84.386 9.487 89.454 14.560 80.399 59.506 30.000 138.452 139.946 21.190 129.248 102.616 117.346 79.025 44.721 93.193 84.723 124.531 84.959 58.600 85.071 
14.036 29.000 32.388 17.117 6.403 11.662 48.270 20.809 33.526 13.342 77.987 54.644 79.209 82.298 97.170 50.912 15.133 30.414 62.426   0 96.933 24.042 55.973 43.174 21.587 45.618 62.370 50.448 78.390 25.020 33.601 41.725 43.012 76.551 37.014 60.828 58.009 24.083 46.519 52.924 33.838 43.863 22.361 5.000 14.213 39.850 51.430 14.213 63.640 39.825 47.413 79.630 36.014 28.653 65.765 60.440 99.161 46.690 75.425 55.471 50.220 27.785 65.795 26.173 96.607 21.932 42.202 5.385 54.406 43.932 61.294 91.022 53.666 88.459 55.973 45.607 47.265 47.170 94.557 28.284 55.073 58.898 74.330 61.522 11.402 51.352 82.280 81.413 42.450 80.225 67.417 64.133 17.029 28.862 72.622 58.009 72.835 24.187 31.064 31.623 
83.672 71.589 108.853 102.728 91.417 87.932 85.428 117.273 80.100 108.157 92.358 135.093 172.261 43.738 3.162 54.000 101.710 104.389 153.118 96.933   0 73.007 114.477 100.180 86.313 51.546 56.939 132.774 22.204 120.208 110.368 119.151 56.089 26.683 132.823 134.134 152.082 109.836 50.596 110.114 63.159 131.240 95.037 101.237 102.108 70.767 73.600 84.770 92.661 100.409 144.180 28.231 89.000 82.006 74.250 149.215 2.236 140.656 31.765 106.400 146.731 82.801 95.294 110.476 78.058 113.265 124.487 91.548 46.174 65.069 157.991 90.427 141.605 45.044 127.142 142.338 118.802 100.005 7.000 69.771 144.031 135.015 166.976 91.417 106.254 129.557 14.765 18.111 136.565 31.623 65.795 36.125 80.957 125.591 87.464 82.152 30.806 73.055 95.776 100.180 
10.817 14.318 42.953 31.890 19.105 17.263 40.497 44.283 28.178 36.222 68.264 72.111 100.896 60.638 73.348 31.780 30.414 42.059 82.735 24.042 73.007   0 60.208 48.104 22.804 22.204 42.942 66.038 55.218 48.374 47.424 56.859 21.633 53.907 60.033 75.591 81.222 41.976 23.022 56.080 9.849 63.953 30.887 28.231 32.249 24.207 37.802 14.560 56.462 42.190 71.176 56.080 36.401 21.095 51.662 81.615 75.240 68.600 52.010 56.080 74.216 21.024 59.237 43.417 80.604 43.046 59.775 18.682 32.650 25.612 85.000 78.746 72.346 66.940 69.462 69.642 56.921 47.043 70.520 5.831 74.330 74.733 95.776 54.231 34.234 64.846 58.310 57.983 64.405 57.009 50.606 40.311 10.770 52.887 62.129 47.508 49.163 5.385 33.541 40.224 
54.148 74.027 24.698 39.395 59.666 64.133 29.069 53.907 85.376 64.008 41.049 105.000 73.110 78.816 116.211 90.802 41.231 86.163 54.037 55.973 114.477 60.208   0 99.040 75.133 76.538 58.728 30.265 104.709 69.029 88.566 95.383 79.831 105.551 55.758 113.442 93.231 77.827 76.844 4.472 65.513 91.679 78.160 53.310 69.462 45.618 41.037 64.630 28.160 18.028 67.535 87.693 90.609 39.623 45.651 103.325 116.516 53.488 83.487 8.944 79.076 39.459 27.459 80.062 69.871 72.719 93.744 56.515 88.888 50.606 75.895 56.000 42.297 82.680 109.772 74.330 14.318 14.765 109.124 57.871 45.277 110.680 68.029 27.857 63.063 24.083 101.020 105.816 51.894 85.586 53.535 79.057 64.195 65.054 39.812 34.670 83.738 65.069 27.019 87.596 
47.508 36.620 75.505 60.208 39.560 35.777 86.822 54.452 22.361 39.115 115.802 36.688 108.747 104.235 99.045 46.390 58.249 15.524 96.566 43.174 100.180 48.104 99.040   0 25.807 55.543 89.811 91.022 78.058 43.658 18.028 22.472 48.104 74.000 67.720 34.000 63.127 27.203 56.462 95.818 52.202 38.419 20.881 46.530 31.016 72.250 85.796 36.359 102.927 82.280 71.554 94.578 12.530 66.038 99.765 54.120 102.122 79.120 91.548 97.862 65.803 65.513 105.475 25.632 128.316 34.482 29.411 42.720 54.918 73.553 83.528 126.811 91.082 110.476 27.000 63.812 90.255 89.157 100.841 53.740 91.591 35.228 104.924 100.703 39.013 93.086 87.966 82.098 75.432 96.933 98.412 78.924 38.601 52.202 109.809 95.000 87.664 43.139 73.164 12.000 
21.932 15.000 53.000 38.118 16.031 11.045 61.057 39.661 12.083 25.456 90.000 50.990 98.407 81.933 85.907 34.438 36.125 19.925 82.855 21.587 86.313 22.804 75.133 25.807   0 36.014 65.513 72.035 65.521 36.056 25.710 35.171 30.265 62.626 55.606 53.310 66.098 23.537 37.014 71.589 28.792 45.100 9.055 26.249 17.205 46.669 60.141 10.770 77.175 57.723 63.702 74.813 15.524 40.311 74.250 63.127 88.459 66.287 71.197 73.082 62.769 39.825 79.756 24.187 103.407 27.731 39.205 19.000 40.522 48.415 77.337 101.178 74.847 88.255 46.957 59.076 68.000 64.195 85.376 28.601 76.059 52.811 93.814 74.947 24.083 72.835 72.443 69.123 62.129 76.485 73.410 58.694 12.806 43.278 84.024 69.203 67.742 18.358 48.508 17.493 
33.015 21.024 63.246 53.759 39.925 36.401 51.157 66.242 33.242 56.613 73.246 86.701 123.065 49.092 51.624 16.763 52.402 55.444 104.738 45.618 51.546 22.204 76.538 55.543 36.014   0 38.588 87.006 33.015 68.680 61.400 70.711 7.810 31.828 82.152 87.801 100.807 59.135 1.000 72.125 12.728 81.025 45.044 50.120 50.804 32.140 43.290 33.242 65.123 59.237 93.022 39.294 43.081 37.577 53.759 99.045 53.759 90.802 36.056 70.612 95.189 38.013 68.118 60.033 77.201 61.984 75.166 40.249 12.369 29.069 106.892 80.112 94.069 55.227 81.043 90.824 76.059 62.097 49.820 20.616 96.167 87.864 117.924 63.071 54.708 85.147 37.108 35.847 86.608 41.437 49.193 23.409 29.411 74.095 66.940 54.332 32.280 21.541 51.884 51.971 
49.041 53.263 59.135 59.135 59.775 59.615 30.000 78.006 68.015 75.710 38.053 114.769 124.064 21.840 59.059 55.009 59.034 85.000 104.178 62.370 56.939 42.942 58.728 89.811 65.513 38.588   0 81.394 52.469 87.132 90.338 99.745 46.043 55.082 90.554 118.533 119.821 84.155 38.079 54.562 37.643 105.650 73.824 64.630 74.000 23.022 18.028 57.271 35.777 47.413 103.392 29.206 77.466 36.014 18.248 122.723 58.830 95.341 25.239 50.210 110.018 37.014 38.484 85.796 38.949 83.934 102.318 57.974 48.104 18.439 116.108 42.059 91.924 27.295 112.379 105.005 65.513 45.000 51.039 37.121 94.705 117.631 118.680 34.482 73.756 77.026 44.944 52.173 91.782 26.870 11.180 25.080 53.666 89.202 32.249 25.239 26.401 47.170 45.880 83.006 
56.356 76.968 24.042 34.928 56.321 61.685 52.202 37.336 83.934 52.010 71.028 86.539 43.738 102.956 133.959 97.617 36.770 76.026 24.083 50.448 132.774 66.038 30.265 91.022 72.035 87.006 81.394   0 118.929 51.662 76.420 80.808 87.664 118.562 31.064 96.462 67.941 65.276 87.618 32.000 74.404 72.615 71.449 45.891 60.075 62.201 63.561 63.569 57.140 34.015 40.361 108.453 85.988 50.931 72.277 80.449 134.952 25.000 104.010 38.000 53.038 50.210 57.009 67.365 99.247 58.549 77.201 53.759 98.473 68.007 46.519 86.093 12.042 107.703 94.372 48.918 17.117 38.079 128.406 66.400 15.033 93.048 38.471 56.321 52.010 6.325 118.343 120.934 24.759 107.187 79.057 96.675 65.000 44.944 69.116 60.877 103.228 69.354 37.014 79.025 
66.030 51.264 94.921 86.556 72.471 68.447 76.557 99.126 58.421 88.640 90.449 113.283 156.029 48.083 21.000 32.140 85.276 82.873 137.535 78.390 22.204 55.218 104.709 78.058 65.521 33.015 52.469 118.929   0 100.464 88.814 97.417 35.847 5.000 115.122 112.040 131.605 89.022 32.202 100.240 45.607 110.023 73.980 83.006 81.933 59.169 65.788 65.307 87.092 88.752 125.782 31.016 67.067 68.250 70.711 127.906 24.083 123.810 31.780 97.509 127.236 68.884 89.989 89.499 83.199 92.973 102.956 73.062 25.000 54.120 139.671 92.195 126.621 52.000 105.043 123.065 106.607 89.944 24.166 53.151 128.818 113.004 150.864 85.440 86.816 116.516 13.454 4.123 119.620 35.114 63.198 27.459 61.717 106.452 84.717 75.961 28.284 54.203 82.620 78.518 
39.000 49.244 44.598 32.450 29.275 32.280 69.771 15.264 46.755 12.166 98.793 36.056 65.299 107.299 120.167 70.328 31.385 28.231 53.151 25.020 120.208 48.374 69.029 43.658 36.056 68.680 87.132 51.662 100.464   0 26.476 29.275 64.622 97.990 24.331 45.188 33.000 16.553 69.642 67.268 57.871 22.672 29.698 22.561 18.868 64.327 74.947 35.440 83.762 56.851 28.601 104.389 43.600 52.202 88.955 36.674 122.413 35.693 100.245 71.421 26.833 51.245 85.446 18.028 119.971 9.434 25.632 30.017 75.644 68.731 41.725 112.770 49.010 113.442 42.720 23.022 56.604 64.661 118.360 53.085 49.041 42.059 61.327 81.835 14.142 55.362 105.773 103.817 32.249 105.119 91.482 88.685 39.294 8.544 94.021 80.056 97.514 47.297 49.930 32.650 
42.802 40.447 64.078 49.193 32.558 31.064 81.320 39.115 30.414 25.000 111.018 25.318 91.000 107.517 109.659 56.719 47.413 6.000 79.624 33.601 110.368 47.424 88.566 18.028 25.710 61.400 90.338 76.420 88.814 26.476   0 9.487 55.036 85.329 50.804 28.302 46.043 11.180 62.394 85.884 54.406 21.932 16.763 35.355 19.416 69.893 82.801 33.121 97.000 73.246 53.712 100.449 22.847 60.877 97.201 39.294 112.446 62.169 96.881 88.837 47.802 60.141 99.247 9.055 127.318 18.000 14.142 35.355 64.195 72.560 65.513 123.434 75.107 113.842 22.672 45.793 78.109 80.709 110.018 53.226 75.326 27.313 87.316 94.847 25.632 79.246 97.021 92.655 58.694 102.181 97.417 84.345 36.674 34.928 105.418 90.609 93.381 43.658 64.637 10.440 
51.865 49.820 70.711 56.303 41.400 40.311 89.872 43.681 39.051 31.385 119.604 16.031 90.802 117.004 118.343 65.276 54.644 15.297 81.302 41.725 119.151 56.859 95.383 22.472 35.171 70.711 99.745 80.808 97.417 29.275 9.487   0 64.195 93.771 53.000 19.209 41.012 17.804 71.701 92.962 63.891 16.279 26.249 42.802 27.586 79.076 91.837 42.485 105.361 80.802 53.600 109.836 30.594 69.656 106.254 31.780 121.202 64.070 106.301 96.260 45.618 68.884 107.517 15.620 136.528 22.847 7.071 44.045 73.027 81.884 64.078 132.280 78.160 123.329 14.422 44.598 84.172 88.408 119.004 62.650 78.026 17.889 87.556 103.238 32.450 84.202 106.005 101.316 61.000 111.611 106.677 93.744 46.098 37.014 114.110 99.358 102.772 53.141 72.471 19.000 
31.890 15.524 64.413 53.413 36.892 32.650 56.036 63.820 25.962 52.802 79.699 80.225 121.754 56.859 55.785 11.045 51.856 49.041 104.005 43.012 56.089 21.633 79.831 48.104 30.265 7.810 46.043 87.664 35.847 64.622 55.036 64.195   0 33.615 80.000 80.808 96.047 53.759 8.602 75.505 14.318 75.326 39.115 47.802 46.174 37.121 49.244 29.530 70.711 62.097 90.211 46.487 35.735 40.262 60.539 93.343 58.249 89.275 43.463 74.545 91.389 40.522 73.682 54.452 84.812 57.280 69.000 37.802 11.402 34.928 104.101 87.207 93.862 62.968 73.980 87.235 78.000 65.765 55.145 22.136 95.776 81.049 116.726 68.593 50.990 86.354 42.190 39.217 85.041 48.847 56.436 30.871 26.077 70.661 73.376 60.208 39.560 19.105 54.083 45.277 
64.661 48.754 94.641 85.586 70.491 66.242 77.833 97.350 54.918 86.313 93.134 109.554 154.797 52.202 25.179 28.636 84.220 79.429 136.561 76.551 26.683 53.907 105.551 74.000 62.626 31.828 55.082 118.562 5.000 97.990 85.329 93.771 33.615   0 113.464 108.000 128.705 86.023 31.113 101.079 44.553 106.733 70.880 81.271 79.310 59.933 67.446 63.135 89.051 89.185 123.822 35.341 63.285 68.242 73.246 124.535 28.443 122.442 35.735 98.615 124.812 68.819 91.984 86.400 87.092 90.250 99.464 71.281 22.361 55.154 137.713 95.525 125.873 56.365 101.000 120.748 106.780 90.802 29.069 52.345 127.988 109.073 149.683 87.321 84.534 116.400 18.385 8.944 118.229 39.395 66.008 30.017 59.682 104.235 87.281 77.878 32.016 52.431 82.662 74.967 
49.244 65.856 35.171 31.575 43.278 48.104 66.483 16.279 67.424 30.529 92.347 56.321 42.802 112.147 133.297 87.784 32.016 52.202 28.862 37.014 132.823 60.033 55.758 67.720 55.606 82.152 90.554 31.064 115.122 24.331 50.804 53.000 80.000 113.464   0 66.708 37.643 40.522 83.006 55.471 69.836 42.450 51.478 32.202 39.446 67.897 75.000 50.990 77.201 49.477 13.038 112.929 66.189 54.745 87.367 49.406 135.059 11.402 108.522 60.836 23.324 53.759 78.109 42.202 117.546 33.242 48.260 42.202 91.400 73.348 25.710 107.280 25.495 117.835 65.490 18.601 41.617 56.613 129.865 63.071 25.080 63.063 38.275 75.690 31.623 36.235 118.068 117.992 8.000 112.792 92.005 98.433 54.037 16.031 88.769 76.792 106.569 61.033 46.098 56.303 
71.028 67.357 88.752 74.813 60.605 59.363 109.041 60.374 54.918 49.820 138.773 11.045 99.609 135.192 133.034 80.225 73.246 33.541 93.343 60.828 134.134 75.591 113.442 34.000 53.310 87.801 118.533 96.462 112.040 45.188 28.302 19.209 80.808 108.000 66.708   0 43.324 36.770 88.769 111.252 82.079 24.331 44.721 61.620 46.755 98.184 111.018 61.400 124.459 99.489 64.031 127.094 45.398 88.865 125.431 28.653 136.092 76.942 123.762 114.809 53.235 88.091 126.574 34.655 155.618 40.804 19.723 63.253 88.566 100.846 71.701 151.489 92.195 141.510 7.000 54.000 101.597 107.168 134.629 81.413 91.591 4.123 97.185 122.348 51.088 100.464 121.696 116.069 74.525 129.120 125.718 111.126 64.885 51.546 133.304 118.562 120.071 71.589 91.351 36.056 
72.000 80.523 71.120 62.642 62.129 64.630 100.245 43.012 74.733 45.044 128.035 32.696 58.078 140.228 151.832 100.305 62.097 51.108 56.462 58.009 152.082 81.222 93.231 63.127 66.098 100.807 119.821 67.941 131.605 33.000 46.043 41.012 96.047 128.705 37.643 43.324   0 42.720 101.789 92.650 90.554 24.759 57.940 55.227 50.010 96.876 106.733 67.742 112.805 85.000 28.018 137.295 68.600 84.345 120.333 16.000 154.260 43.600 133.184 97.755 15.000 83.361 114.061 42.544 151.242 38.833 33.941 63.008 106.607 101.494 30.265 142.618 59.641 146.342 46.065 19.105 79.202 92.574 150.625 86.052 57.983 39.217 56.569 111.086 47.043 73.539 137.873 135.163 43.186 138.091 123.556 121.499 71.701 31.048 123.859 110.680 130.384 79.762 79.712 56.080 
35.341 38.328 53.226 38.588 24.597 24.739 72.346 28.018 32.249 13.928 102.069 30.887 81.841 102.611 109.444 57.585 36.892 11.705 69.376 24.083 109.836 41.976 77.827 27.203 23.537 59.135 84.155 65.276 89.022 16.553 11.180 17.804 53.759 86.023 40.522 36.770 42.720   0 60.133 75.293 50.249 22.091 15.232 25.000 10.296 62.610 74.947 27.459 87.693 63.008 44.944 97.185 27.586 52.431 89.359 40.012 111.987 51.923 93.343 78.492 41.110 51.614 89.805 2.236 119.954 7.280 18.358 26.926 64.031 65.924 57.628 115.000 64.281 108.908 32.202 38.210 67.067 70.605 108.780 47.539 64.630 34.828 77.878 85.586 14.765 68.066 95.885 92.650 48.270 98.509 90.338 81.099 31.401 25.080 96.675 82.006 90.139 39.205 54.672 16.125 
33.838 22.023 63.820 54.489 40.853 37.363 51.245 67.119 34.176 57.567 73.007 87.693 123.847 48.260 50.695 17.088 53.151 56.436 105.475 46.519 50.596 23.022 76.844 56.462 37.014 1.000 38.079 87.618 32.202 69.642 62.394 71.701 8.602 31.113 83.006 88.769 101.789 60.133   0 72.422 13.454 82.024 46.043 51.000 51.788 32.249 43.186 34.205 65.069 59.615 93.915 38.328 44.011 38.013 53.451 100.045 52.811 91.608 35.114 70.831 96.135 38.471 68.066 61.033 76.609 62.968 76.164 41.146 12.166 29.017 107.782 79.706 94.763 54.378 82.006 91.761 76.538 62.362 48.836 21.260 96.876 88.843 118.697 63.032 55.660 85.703 36.139 34.986 87.419 40.497 48.754 22.472 30.364 75.027 66.708 54.231 31.321 22.472 52.355 52.953 
50.359 70.000 22.672 36.715 56.321 60.638 24.759 52.326 81.615 61.587 39.051 103.078 75.425 74.887 111.826 86.493 38.471 83.259 56.036 52.924 110.114 56.080 4.472 95.818 71.589 72.125 54.562 32.000 100.240 67.268 85.884 92.962 75.505 101.079 55.471 111.252 92.650 75.293 72.422   0 61.188 89.939 74.947 50.537 66.641 41.146 36.770 61.000 25.318 14.036 67.624 83.439 87.098 35.355 42.048 102.176 112.161 54.120 79.209 6.000 78.772 35.228 25.020 77.524 67.365 70.456 91.608 53.160 84.481 46.141 76.655 54.148 44.011 78.892 107.378 73.926 15.133 10.296 104.805 53.600 47.011 108.600 70.257 24.739 60.539 26.077 96.607 101.356 52.202 81.394 49.739 74.632 60.407 63.781 37.216 30.887 79.398 61.008 23.195 84.504 
20.591 15.620 50.774 41.037 28.636 26.019 42.297 54.129 30.414 45.706 67.624 79.555 110.422 53.141 63.506 25.318 39.699 48.703 92.022 33.838 63.159 9.849 65.513 52.202 28.792 12.728 37.643 74.404 45.607 57.871 54.406 63.891 14.318 44.553 69.836 82.079 90.554 50.249 13.454 61.188   0 72.339 37.643 38.079 41.000 23.770 36.770 23.000 57.489 47.802 81.025 47.011 39.825 25.962 49.396 90.200 65.391 78.237 43.105 60.299 83.934 26.249 60.415 51.478 76.381 52.038 67.469 28.460 24.187 22.825 94.847 76.551 81.345 59.464 75.644 79.404 63.977 51.478 60.729 8.062 83.439 81.597 105.262 55.317 43.738 72.719 48.466 48.260 74.061 48.260 46.755 31.016 19.000 62.642 61.327 47.434 40.000 11.045 39.925 46.098 
56.613 60.075 67.268 54.672 45.880 46.690 91.269 37.802 51.923 30.887 120.673 13.928 76.485 124.535 130.698 78.102 53.413 27.514 69.116 43.863 131.240 63.953 91.679 38.419 45.100 81.025 105.650 72.615 110.023 22.672 21.932 16.279 75.326 106.733 42.450 24.331 24.759 22.091 82.024 89.939 72.339   0 36.222 43.046 31.780 83.570 95.273 49.497 105.802 79.310 40.050 119.269 44.777 72.450 109.567 18.028 133.360 52.612 115.434 94.048 30.364 71.554 107.615 21.000 140.460 21.932 9.220 47.760 85.159 87.281 49.041 134.302 67.912 130.817 24.187 30.265 79.057 87.115 130.465 69.426 67.268 20.616 73.682 103.812 32.650 76.922 117.516 113.772 50.220 120.599 111.234 103.175 53.460 27.731 115.663 101.356 112.219 61.294 72.007 32.311 
27.659 24.021 54.745 39.459 18.788 15.620 67.007 36.401 17.205 21.024 96.426 41.976 94.032 90.758 94.541 42.379 37.483 11.180 79.706 22.361 95.037 30.887 78.160 20.881 9.055 45.044 73.824 71.449 73.980 29.698 16.763 26.249 39.115 70.880 51.478 44.721 57.940 15.232 46.043 74.947 37.643 36.222   0 26.019 12.083 54.037 67.268 17.029 83.006 61.465 58.138 83.863 14.866 46.228 81.566 54.231 97.165 62.610 80.231 77.078 55.803 45.607 85.446 15.524 111.252 20.616 30.150 21.932 49.031 56.303 71.421 108.208 72.801 97.082 38.588 52.498 69.584 68.447 94.260 36.715 73.682 44.011 89.694 80.802 20.248 73.027 81.302 77.666 58.600 85.510 81.271 67.742 20.248 37.643 90.609 75.743 76.792 26.926 52.393 10.000 
17.720 33.971 29.120 13.928 11.402 16.643 48.260 16.125 38.275 12.207 77.801 54.672 74.250 85.053 101.553 55.866 12.083 32.894 57.428 5.000 101.237 28.231 53.310 46.530 26.249 50.120 64.630 45.891 83.006 22.561 35.355 42.802 47.802 81.271 32.202 61.620 55.227 25.000 51.000 50.537 38.079 43.046 26.019   0 16.155 41.773 52.555 19.209 63.127 38.013 42.953 83.187 40.200 29.732 66.708 58.873 103.470 41.725 78.918 53.535 46.530 28.792 65.115 27.203 97.693 21.401 42.450 10.000 59.203 46.271 56.798 91.269 48.754 91.137 57.201 41.773 43.738 45.607 98.681 32.016 50.120 59.397 69.354 61.074 10.630 47.096 86.539 85.959 37.483 83.600 68.964 67.912 21.932 25.179 72.670 58.310 76.485 28.844 29.732 34.713 
25.080 30.676 45.222 30.083 14.318 15.033 62.290 24.352 28.320 8.944 92.022 41.183 82.098 92.763 101.922 51.478 28.231 16.763 67.624 14.213 102.108 32.249 69.462 31.016 17.205 50.804 74.000 60.075 81.933 18.868 19.416 27.586 46.174 79.310 39.446 46.755 50.010 10.296 51.788 66.641 41.000 31.780 12.083 16.155   0 52.326 64.661 18.000 77.795 53.852 46.669 88.006 26.926 42.202 79.076 49.366 104.293 50.537 84.054 69.462 45.651 41.400 79.981 12.207 109.659 11.180 28.653 16.643 57.009 55.714 60.208 104.809 60.877 99.040 41.773 41.881 59.666 61.294 100.623 37.656 61.685 45.000 77.698 75.664 8.246 62.073 87.864 85.381 46.519 89.140 80.056 72.007 22.000 26.173 86.556 71.840 81.000 30.017 45.222 19.026 
27.295 37.590 38.588 36.346 38.013 38.833 19.026 55.000 52.154 53.160 44.294 93.477 103.315 44.283 72.125 48.042 36.125 65.000 83.648 39.850 70.767 24.207 45.618 72.250 46.669 32.140 23.022 62.201 59.169 64.327 69.893 79.076 37.121 59.933 67.897 98.184 96.876 62.610 32.249 41.146 23.770 83.570 54.037 41.773 52.326   0 13.601 37.014 33.734 29.833 80.623 46.530 60.605 13.153 27.586 100.285 72.918 73.376 42.059 38.897 87.006 14.142 36.674 64.413 57.454 61.685 80.951 35.847 44.407 5.831 93.557 54.562 71.694 50.090 92.418 82.000 48.104 30.871 66.219 18.868 74.303 96.897 97.944 31.575 51.245 58.796 56.586 60.465 69.642 45.695 27.731 34.655 33.971 66.189 38.079 23.770 41.049 29.411 25.239 63.781 
40.000 51.108 41.976 44.407 50.478 51.856 12.042 63.953 65.734 64.475 30.871 105.816 106.569 39.395 75.452 59.841 44.721 78.102 86.649 51.430 73.600 37.802 41.037 85.796 60.141 43.290 18.028 63.561 65.788 74.947 82.801 91.837 49.244 67.446 75.000 111.018 106.733 74.947 43.186 36.770 36.770 95.273 67.268 52.555 64.661 13.601   0 50.249 22.023 29.547 88.006 46.669 74.202 22.847 14.422 111.427 75.604 78.772 42.450 32.802 95.755 23.770 25.020 76.851 45.188 73.348 93.295 48.021 55.036 14.318 100.180 41.037 74.330 44.272 105.423 90.670 47.508 27.019 68.118 32.450 77.162 109.554 101.193 20.100 62.650 59.059 60.539 66.310 75.425 44.688 17.029 38.910 47.381 75.710 24.597 11.045 42.802 43.012 29.155 77.104 
11.180 14.866 43.186 28.862 7.810 3.162 50.478 34.713 21.024 23.409 79.649 57.585 93.381 75.186 84.758 36.797 26.926 28.018 76.609 14.213 84.770 14.560 64.630 36.359 10.770 33.242 57.271 63.569 65.307 35.440 33.121 42.485 29.530 63.135 50.990 61.400 67.742 27.459 34.205 61.000 23.000 49.497 17.029 19.209 18.000 37.014 50.249   0 66.573 47.074 60.745 70.007 26.249 29.682 64.537 67.268 86.977 60.877 66.068 62.362 62.032 29.155 69.116 28.862 94.303 29.069 45.222 9.849 40.817 39.446 74.626 91.220 67.602 81.492 55.471 57.775 58.138 53.451 82.976 20.248 69.116 60.374 88.527 64.351 21.541 63.789 70.342 68.542 56.639 71.176 64.351 54.009 4.000 41.146 73.756 58.898 63.000 12.042 37.855 26.870 
55.471 70.576 42.059 51.313 64.661 67.424 16.125 70.235 84.581 75.286 15.232 117.796 100.717 53.038 94.826 81.498 52.431 93.086 81.222 63.640 92.661 56.462 28.160 102.927 77.175 65.123 35.777 57.140 87.092 83.762 97.000 105.361 70.711 89.051 77.201 124.459 112.805 87.693 65.069 25.318 57.489 105.802 83.006 63.127 77.795 33.734 22.023 66.573   0 27.857 89.989 64.661 92.179 36.892 19.105 120.221 94.515 77.782 60.902 19.416 99.960 37.443 3.000 89.805 42.107 84.504 105.551 61.717 77.006 36.056 100.285 30.083 69.065 56.080 119.553 94.921 40.050 20.616 86.608 51.865 72.062 122.430 95.525 2.236 73.756 51.352 80.623 87.281 75.313 61.855 27.659 59.775 64.498 82.298 12.000 11.180 62.169 61.847 33.838 93.005 
36.346 56.009 14.318 24.759 42.720 46.840 18.439 42.720 67.602 49.679 43.081 91.935 77.201 68.942 101.863 73.007 26.249 70.235 57.280 39.825 100.409 42.190 18.028 82.280 57.723 59.237 47.413 34.015 88.752 56.851 73.246 80.802 62.097 89.185 49.477 99.489 85.000 63.008 59.615 14.036 47.802 79.310 61.465 38.013 53.852 29.833 29.547 47.074 27.857   0 62.370 75.000 73.246 21.840 39.205 92.914 102.533 51.010 70.605 15.652 72.111 21.587 29.069 65.215 68.359 58.796 80.056 39.560 71.512 35.384 73.246 57.871 44.922 73.736 95.210 67.067 18.439 7.810 95.588 40.025 47.802 97.082 71.840 26.249 48.415 29.682 86.371 90.211 48.166 73.498 45.354 64.382 46.390 54.708 39.294 28.018 70.178 47.043 9.220 71.176 
60.539 75.452 48.052 44.283 53.339 57.689 79.511 26.926 74.967 38.288 105.081 53.085 37.336 124.904 144.506 97.201 44.553 56.436 29.614 47.413 144.180 71.176 67.535 71.554 63.702 93.022 103.392 40.361 125.782 28.601 53.712 53.600 90.211 123.822 13.038 64.031 28.018 44.944 93.915 67.624 81.025 40.050 58.138 42.953 46.669 80.623 88.006 60.745 89.989 62.370   0 125.160 72.201 67.476 100.404 42.154 146.414 15.620 120.785 73.164 13.038 66.483 90.802 46.141 130.541 38.013 47.676 52.773 101.548 85.988 13.892 120.071 31.623 130.648 64.195 10.198 53.235 69.376 141.510 74.673 30.017 60.075 33.956 88.527 39.825 46.228 129.468 128.825 15.811 125.172 105.019 110.368 64.140 20.518 101.637 89.805 118.680 71.589 59.135 61.057 
65.620 60.017 85.088 81.597 75.166 73.000 58.694 98.489 72.422 92.266 64.195 125.766 149.817 17.263 30.676 50.249 80.957 94.541 130.177 79.630 28.231 56.080 87.693 94.578 74.813 39.294 29.206 108.453 31.016 104.389 100.449 109.836 46.487 35.341 112.929 127.094 137.295 97.185 38.328 83.439 47.011 119.269 83.863 83.187 88.006 46.530 46.669 70.007 64.661 75.000 125.160   0 82.219 59.093 46.065 137.179 29.967 119.403 4.472 79.310 129.711 60.008 67.231 98.326 52.612 99.005 113.991 74.431 41.340 40.706 138.600 63.198 118.207 21.024 120.333 124.952 93.408 73.593 21.954 51.352 120.830 127.122 144.451 63.514 90.272 104.623 19.105 28.862 115.521 4.123 37.577 16.125 66.008 108.342 59.237 54.406 7.071 58.034 71.694 91.220 
37.336 24.207 68.118 53.009 31.145 26.476 76.059 51.264 9.849 35.847 104.561 46.271 108.559 91.706 88.051 35.000 51.010 17.493 94.541 36.014 89.000 36.401 90.609 12.530 15.524 43.081 77.466 85.988 67.067 43.600 22.847 30.594 35.735 63.285 66.189 45.398 68.600 27.586 44.011 87.098 39.825 44.777 14.866 40.200 26.926 60.605 74.202 26.249 92.179 73.246 72.201 82.219   0 55.462 87.966 61.984 91.005 77.389 79.120 88.600 68.622 55.036 94.826 26.907 116.103 34.205 36.688 34.234 43.186 61.555 85.147 115.109 87.641 97.949 38.471 65.795 83.096 79.699 89.275 41.869 88.544 46.043 104.317 89.944 35.114 87.281 76.322 71.028 73.410 84.504 86.279 66.483 27.731 51.865 98.473 83.762 75.273 31.241 64.031 12.530 
18.601 35.355 26.907 23.195 28.320 30.610 20.809 42.048 48.384 41.629 50.249 83.217 90.824 57.428 83.096 51.196 23.022 56.586 71.344 28.653 82.006 21.095 39.623 66.038 40.311 37.577 36.014 50.931 68.250 52.202 60.877 69.656 40.262 68.242 54.745 88.865 84.345 52.431 38.013 35.355 25.962 72.450 46.228 29.732 42.202 13.153 22.847 29.682 36.892 21.840 67.476 59.093 55.462   0 37.121 88.600 84.202 60.407 54.626 35.014 74.061 1.000 39.446 54.406 68.029 50.537 70.725 25.612 49.769 18.682 80.411 62.626 59.641 63.198 83.546 69.029 38.588 26.000 77.936 18.248 62.129 87.201 85.475 34.670 39.812 48.270 67.476 70.093 56.613 58.523 39.294 46.043 27.731 53.460 44.553 29.732 53.235 26.306 14.422 56.223 
54.406 64.405 53.009 57.723 64.900 66.219 21.000 77.369 79.202 78.721 20.025 120.221 115.953 33.941 76.557 70.520 58.241 92.455 96.104 65.765 74.250 51.662 45.651 99.765 74.250 53.759 18.248 72.277 70.711 88.955 97.201 106.254 60.539 73.246 87.367 125.431 120.333 89.359 53.451 42.048 49.396 109.567 81.566 66.708 79.076 27.586 14.422 64.537 19.105 39.205 100.404 46.065 87.966 37.121   0 125.539 76.026 90.050 42.544 36.715 108.853 38.013 21.401 91.269 31.016 87.658 107.703 62.434 64.537 26.627 112.018 27.203 83.744 37.202 119.808 103.755 55.362 34.205 68.000 46.098 86.683 123.976 110.635 18.439 76.922 67.052 62.936 70.406 87.000 43.046 8.602 43.290 61.555 89.286 14.036 11.402 44.272 56.727 41.304 91.351 
73.756 78.102 79.812 68.964 63.151 64.382 106.438 50.220 69.635 47.127 135.326 19.105 74.061 142.042 148.637 95.901 68.000 45.122 71.470 60.440 149.215 81.615 103.325 54.120 63.127 99.045 122.723 80.449 127.906 36.674 39.294 31.780 93.343 124.535 49.406 28.653 16.000 40.012 100.045 102.176 90.200 18.028 54.231 58.873 49.366 100.285 111.427 67.268 120.221 92.914 42.154 137.179 61.984 88.600 125.539   0 151.327 57.245 133.304 106.827 29.411 87.664 121.795 39.013 156.544 38.833 25.298 64.761 103.097 104.293 46.174 149.412 73.355 148.297 32.650 32.202 89.805 100.688 148.486 86.977 72.014 24.698 72.443 118.338 49.041 85.604 135.532 131.685 56.080 138.438 127.758 121.103 71.253 38.419 130.648 116.730 130.138 79.158 86.452 49.729 
85.907 73.756 111.041 104.957 93.638 90.139 87.459 119.507 82.152 110.368 93.984 137.131 174.485 45.122 3.606 56.009 103.942 106.471 155.332 99.161 2.236 75.240 116.516 102.122 88.459 53.759 58.830 134.952 24.083 122.413 112.446 121.202 58.249 28.443 135.059 136.092 154.260 111.987 52.811 112.161 65.391 133.360 97.165 103.470 104.293 72.918 75.604 86.977 94.515 102.533 146.414 29.967 91.005 84.202 76.026 151.327   0 142.888 33.615 108.407 148.946 85.000 97.129 112.614 79.158 115.447 126.570 93.776 48.260 67.209 160.225 91.782 143.809 46.174 129.097 144.558 120.934 102.069 8.246 72.007 146.240 137.004 169.198 93.295 108.467 131.712 17.000 20.025 138.798 33.242 67.543 38.288 83.169 127.812 89.157 84.060 32.802 75.273 97.949 102.240 
57.801 75.690 37.054 38.013 53.075 58.138 69.065 26.627 78.230 41.593 92.574 66.287 32.527 117.154 141.315 97.591 38.949 63.600 17.464 46.690 140.656 68.600 53.488 79.120 66.287 90.802 95.341 25.000 123.810 35.693 62.169 64.070 89.275 122.442 11.402 76.942 43.600 51.923 91.608 54.120 78.237 52.612 62.610 41.725 50.537 73.376 78.772 60.877 77.782 51.010 15.620 119.403 77.389 60.407 90.050 57.245 142.888   0 114.948 59.908 28.601 59.464 78.262 53.600 119.269 44.643 59.034 51.624 100.658 79.057 22.561 107.689 16.125 122.577 76.164 25.060 39.217 57.315 137.306 71.021 14.866 73.164 27.659 76.531 42.544 31.064 125.897 126.491 4.243 118.929 95.525 105.551 63.640 27.295 89.677 79.000 113.318 70.178 49.649 67.676 
61.400 56.515 80.623 77.162 71.063 69.029 54.452 94.149 69.289 88.142 61.131 122.184 145.344 16.553 34.015 48.010 76.538 91.005 125.706 75.425 31.765 52.010 83.487 91.548 71.197 36.056 25.239 104.010 31.780 100.245 96.881 106.301 43.463 35.735 108.522 123.762 133.184 93.343 35.114 79.209 43.105 115.434 80.231 78.918 84.054 42.059 42.450 66.068 60.902 70.605 120.785 4.472 79.120 54.626 42.544 133.304 33.615 114.948   0 75.166 125.447 55.543 63.530 94.530 51.420 95.005 110.318 70.257 39.205 36.235 134.201 61.008 113.741 21.401 117.047 120.669 89.022 69.311 25.807 47.170 116.362 123.693 139.979 59.682 86.145 100.210 21.095 30.150 111.072 5.385 34.176 12.649 62.073 104.087 55.973 50.478 4.243 54.148 67.231 87.801 
51.420 70.257 27.019 40.000 58.310 62.298 21.095 56.727 82.565 65.000 33.061 106.963 81.394 70.000 108.227 85.586 41.617 85.884 62.032 55.471 106.400 56.080 8.944 97.862 73.082 70.612 50.210 38.000 97.509 71.421 88.837 96.260 74.545 98.615 60.836 114.809 97.755 78.492 70.831 6.000 60.299 94.048 77.078 53.535 69.462 38.897 32.802 62.362 19.416 15.652 73.164 79.310 88.600 35.014 36.715 106.827 108.407 59.908 75.166   0 84.077 35.057 19.026 80.709 61.400 74.027 95.268 55.154 82.976 43.463 82.462 48.166 50.010 73.783 110.680 79.177 21.095 9.055 100.896 53.038 53.009 112.294 76.236 18.974 63.820 32.062 93.193 98.412 57.871 77.078 44.654 71.344 61.392 68.411 31.257 25.807 75.604 61.205 24.698 86.816 
64.133 76.059 57.940 51.352 55.362 58.873 88.295 32.016 73.007 38.626 115.169 42.190 46.390 131.061 146.779 97.129 51.157 51.662 42.059 50.220 146.731 74.216 79.076 65.803 62.769 95.189 110.018 53.038 127.236 26.833 47.802 45.618 91.389 124.812 23.324 53.235 15.000 41.110 96.135 78.772 83.934 30.364 55.803 46.530 45.651 87.006 95.755 62.032 99.960 72.111 13.038 129.711 68.622 74.061 108.853 29.411 148.946 28.601 125.447 84.077   0 73.062 101.020 41.725 139.488 35.228 39.000 55.543 102.460 92.022 18.682 129.973 44.654 137.015 54.342 5.099 64.900 79.480 144.641 78.447 43.046 49.163 44.011 98.351 40.497 58.728 132.197 130.545 28.284 130.115 112.752 114.337 65.788 21.378 111.319 98.717 122.984 73.682 67.683 56.586 
18.028 35.228 26.173 22.204 27.586 30.000 21.401 41.049 48.083 40.719 50.931 82.377 89.944 58.421 83.869 51.420 22.023 55.902 70.491 27.785 82.801 21.024 39.459 65.513 39.825 38.013 37.014 50.210 68.884 51.245 60.141 68.884 40.522 68.819 53.759 88.091 83.361 51.614 38.471 35.228 26.249 71.554 45.607 28.792 41.400 14.142 23.770 29.155 37.443 21.587 66.483 60.008 55.036 1.000 38.013 87.664 85.000 59.464 55.543 35.057 73.062   0 39.962 53.600 68.942 49.649 69.893 24.839 50.160 19.647 79.429 63.411 58.822 64.195 82.807 68.029 38.079 26.019 78.772 18.439 61.294 86.400 84.599 35.228 38.910 47.634 68.250 70.767 55.660 59.464 40.262 46.872 27.313 52.469 45.277 30.480 54.120 26.173 13.892 55.606 
57.983 73.389 43.081 53.009 67.007 69.893 18.788 71.694 87.321 77.233 14.318 119.754 100.404 55.227 97.494 84.481 54.203 95.425 81.056 65.795 95.294 59.237 27.459 105.475 79.756 68.118 38.484 57.009 89.989 85.446 99.247 107.517 73.682 91.984 78.109 126.574 114.061 89.805 68.066 25.020 60.415 107.615 85.446 65.115 79.981 36.674 25.020 69.116 3.000 29.069 90.802 67.231 94.826 39.446 21.401 121.795 97.129 78.262 63.530 19.026 101.020 39.962   0 91.935 42.426 86.452 107.564 64.031 80.006 39.051 100.807 29.428 69.000 58.052 121.754 96.005 40.012 21.541 89.185 54.708 72.000 124.483 95.258 5.099 75.743 51.088 83.385 90.139 75.928 64.351 30.000 62.642 67.119 83.726 12.369 14.142 64.885 64.622 35.609 95.441 
37.121 39.115 55.462 40.817 26.420 26.249 74.411 30.067 32.202 16.155 104.139 29.069 83.193 104.048 110.023 57.871 39.115 10.296 71.063 26.173 110.476 43.417 80.062 25.632 24.187 60.033 85.796 67.365 89.499 18.028 9.055 15.620 54.452 86.400 42.202 34.655 42.544 2.236 61.033 77.524 51.478 21.000 15.524 27.203 12.207 64.413 76.851 28.862 89.805 65.215 46.141 98.326 26.907 54.406 91.269 39.013 112.614 53.600 94.530 80.709 41.725 53.600 91.935   0 121.803 9.055 16.553 28.844 64.537 67.624 58.600 117.004 66.189 110.354 30.000 39.051 69.289 72.801 109.554 49.041 66.483 32.802 79.310 87.693 17.000 70.214 96.628 93.172 50.010 99.725 92.130 82.219 32.757 26.571 98.717 84.024 91.269 40.447 56.851 15.000 
84.723 91.967 82.608 88.600 95.383 96.255 51.196 108.240 106.794 109.659 29.411 150.841 142.790 35.355 81.025 93.193 89.185 122.319 123.329 96.607 78.058 80.604 69.871 128.316 103.407 77.201 38.949 99.247 83.199 119.971 127.318 136.528 84.812 87.092 117.546 155.618 151.242 119.954 76.609 67.365 76.381 140.460 111.252 97.693 109.659 57.454 45.188 94.303 42.107 68.359 130.541 52.612 116.103 68.029 31.016 156.544 79.158 119.269 51.420 61.400 139.488 68.942 42.426 121.803   0 118.533 138.311 93.059 85.586 55.000 141.598 17.029 111.162 33.015 149.773 134.391 82.152 62.032 71.063 74.813 114.158 154.350 137.615 43.012 107.838 93.434 71.701 81.394 116.520 48.508 30.000 59.093 91.022 120.208 30.150 40.792 55.082 85.276 71.805 120.801 
34.928 41.761 48.021 34.059 24.331 26.019 69.635 21.213 37.802 9.220 99.202 33.302 74.706 103.247 113.053 62.169 32.558 18.974 62.097 21.932 113.265 43.046 72.719 34.482 27.731 61.984 83.934 58.549 92.973 9.434 18.000 22.847 57.280 90.250 33.242 40.804 38.833 7.280 62.968 70.456 52.038 21.932 20.616 21.401 11.180 61.685 73.348 29.069 84.504 58.796 38.013 99.005 34.205 50.537 87.658 38.833 115.447 44.643 95.005 74.027 35.228 49.649 86.452 9.055 118.533   0 21.260 25.962 68.007 65.521 50.990 112.606 57.140 109.490 37.121 31.890 61.327 66.528 111.803 48.260 57.428 38.288 70.682 82.462 10.817 61.612 99.040 96.462 41.000 100.045 89.320 83.054 33.061 17.889 94.048 79.612 92.022 41.110 50.931 23.259 
53.666 54.148 69.065 55.317 42.942 42.720 90.427 40.719 44.553 30.414 120.104 12.530 84.646 120.333 123.794 70.859 53.814 20.100 76.026 42.202 124.487 59.775 93.744 29.411 39.205 75.166 102.318 77.201 102.956 25.632 14.142 7.071 69.000 99.464 48.260 19.723 33.941 18.358 76.164 91.608 67.469 9.220 30.150 42.450 28.653 80.951 93.295 45.222 105.551 80.056 47.676 113.991 36.688 70.725 107.703 25.298 126.570 59.034 110.318 95.268 39.000 69.893 107.564 16.553 138.311 21.260   0 45.277 78.313 84.172 57.585 133.222 73.682 126.649 17.263 38.328 81.884 87.784 124.064 65.460 73.335 17.029 81.584 103.479 31.828 80.994 111.072 106.794 56.223 115.572 108.674 97.867 49.041 32.558 114.809 100.210 106.921 56.515 72.125 24.515 
9.055 24.207 34.000 19.235 3.162 8.062 45.967 26.077 30.414 18.028 75.664 57.801 84.149 77.524 91.788 46.011 17.263 31.401 67.007 5.385 91.548 18.682 56.515 42.720 19.000 40.249 57.974 53.759 73.062 30.017 35.355 44.045 37.802 71.281 42.202 63.253 63.008 26.926 41.146 53.160 28.460 47.760 21.932 10.000 16.643 35.847 48.021 9.849 61.717 39.560 52.773 74.431 34.234 25.612 62.434 64.761 93.776 51.624 70.257 55.154 55.543 24.839 64.031 28.844 93.059 25.962 45.277   0 49.204 39.560 66.648 88.238 57.801 83.726 58.000 50.961 49.000 46.519 89.185 23.087 59.363 61.612 79.209 59.548 16.031 54.129 76.896 76.059 47.381 75.107 63.561 58.856 12.042 34.205 70.093 55.317 67.602 18.868 30.463 31.765 
43.139 26.401 74.947 64.537 48.260 43.909 63.388 75.213 34.000 63.953 84.345 89.006 133.124 54.452 45.541 8.944 63.032 58.215 115.278 54.406 46.174 32.650 88.888 54.918 40.522 12.369 48.104 98.473 25.000 75.644 64.195 73.027 11.402 22.361 91.400 88.566 106.607 64.031 12.166 84.481 24.187 85.159 49.031 59.203 57.009 44.407 55.036 40.817 77.006 71.512 101.548 41.340 43.186 49.769 64.537 103.097 48.260 100.658 39.205 82.976 102.460 50.160 80.006 64.537 85.586 68.007 78.313 49.204   0 41.012 115.434 90.139 104.995 60.141 81.615 98.387 88.102 74.465 46.098 32.249 106.963 89.202 128.082 75.000 62.177 96.897 33.136 28.636 96.426 44.407 59.135 27.586 37.443 81.884 78.090 66.068 35.000 30.480 63.977 54.037 
30.676 37.802 44.418 41.773 41.437 41.593 22.804 60.075 52.631 57.271 44.944 96.664 109.124 39.051 66.483 45.541 41.437 67.417 89.471 43.932 65.069 25.612 50.606 73.553 48.415 29.069 18.439 68.007 54.120 68.731 72.560 81.884 34.928 55.154 73.348 100.846 101.494 65.924 29.017 46.141 22.825 87.281 56.303 46.271 55.714 5.831 14.318 39.446 36.056 35.384 85.988 40.706 61.555 18.682 26.627 104.293 67.209 79.057 36.235 43.463 92.022 19.647 39.051 67.624 55.000 65.521 84.172 39.560 41.012   0 99.040 53.824 77.524 45.000 94.874 87.052 53.740 35.847 60.440 19.849 80.131 99.765 103.755 34.015 55.317 64.537 50.990 55.227 75.286 39.925 25.000 29.000 36.056 71.028 38.626 25.318 35.228 30.414 31.064 65.803 
74.324 89.308 59.076 57.271 67.231 71.561 91.022 40.719 88.414 52.010 115.122 60.671 28.018 137.768 158.345 111.018 57.723 68.819 28.425 61.294 157.991 85.000 75.895 83.528 77.337 106.892 116.108 46.519 139.671 41.725 65.513 64.078 104.101 137.713 25.710 71.701 30.265 57.628 107.782 76.655 94.847 49.041 71.421 56.798 60.208 93.557 100.180 74.626 100.285 73.246 13.892 138.600 85.147 80.411 112.018 46.174 160.225 22.561 134.201 82.462 18.682 79.429 100.807 58.600 141.598 50.990 57.585 66.648 115.434 99.040   0 130.231 35.511 143.402 73.007 19.723 61.685 79.762 155.242 88.391 33.015 67.602 26.306 98.995 53.600 52.802 143.265 142.706 25.080 138.495 117.107 123.976 78.032 34.059 112.147 101.124 132.197 85.475 71.063 73.600 
80.722 91.608 72.125 80.498 90.907 92.698 43.046 99.810 106.400 103.465 15.133 145.661 129.062 46.690 93.215 96.773 81.413 118.929 110.018 91.022 90.427 78.746 56.000 126.811 101.178 80.112 42.059 86.093 92.195 112.770 123.434 132.280 87.207 95.525 107.280 151.489 142.618 115.000 79.706 54.148 76.551 134.302 108.208 91.269 104.809 54.562 41.037 91.220 30.083 57.871 120.071 63.198 115.109 62.626 27.203 149.412 91.782 107.689 61.008 48.166 129.973 63.411 29.428 117.004 17.029 112.606 133.222 88.238 90.139 53.824 130.231   0 98.127 46.174 146.103 124.920 69.260 50.695 83.546 73.246 101.124 149.807 124.016 31.623 101.789 80.025 82.055 91.022 105.323 59.304 31.016 65.924 88.414 111.893 18.788 33.015 64.031 83.869 63.071 118.089 
62.008 81.835 33.121 40.460 59.942 65.299 63.325 36.674 86.925 52.173 83.054 81.744 32.280 113.653 142.611 103.228 42.012 75.664 12.369 53.666 141.605 72.346 42.297 91.082 74.847 94.069 91.924 12.042 126.621 49.010 75.107 78.160 93.862 125.873 25.495 92.195 59.641 64.281 94.763 44.011 81.345 67.912 72.801 48.754 60.877 71.694 74.330 67.602 69.065 44.922 31.623 118.207 87.641 59.641 83.744 73.355 143.809 16.125 113.741 50.010 44.654 58.822 69.000 66.189 111.162 57.140 73.682 57.801 104.995 77.524 35.511 98.127   0 118.596 90.934 41.183 29.017 49.649 137.568 73.539 3.000 88.527 26.926 68.184 52.631 18.248 127.004 128.888 17.720 117.184 90.250 105.683 69.642 41.195 81.056 72.367 112.681 75.000 46.530 79.246 
74.673 74.324 86.128 86.371 85.159 84.172 55.543 105.043 88.119 101.710 51.039 138.885 150.841 6.325 48.010 68.768 86.209 108.167 130.920 88.459 45.044 66.940 82.680 110.476 88.255 55.227 27.295 107.703 52.000 113.442 113.842 123.329 62.968 56.365 117.835 141.510 146.342 108.908 54.378 78.892 59.464 130.817 97.082 91.137 99.040 50.090 44.272 81.492 56.080 73.736 130.648 21.024 97.949 63.198 37.202 148.297 46.174 122.577 21.401 73.783 137.015 64.195 58.052 110.354 33.015 109.490 126.649 83.726 60.141 45.000 143.402 46.174 118.596   0 135.004 132.034 91.285 70.214 38.053 61.392 121.433 141.060 145.465 55.606 99.725 102.956 39.560 49.649 119.050 17.000 29.155 32.650 77.621 116.017 47.508 48.021 25.612 70.214 73.007 105.475 
65.437 60.745 85.088 70.725 55.227 53.600 103.947 57.585 48.052 45.793 133.660 13.601 100.623 128.693 126.036 73.246 69.065 27.459 93.005 55.973 127.142 69.462 109.772 27.000 46.957 81.043 112.379 94.372 105.043 42.720 22.672 14.422 73.980 101.000 65.490 7.000 46.065 32.202 82.006 107.378 75.644 24.187 38.588 57.201 41.773 92.418 105.423 55.471 119.553 95.210 64.195 120.333 38.471 83.546 119.808 32.650 129.097 76.164 117.047 110.680 54.342 82.807 121.754 30.000 149.773 37.121 17.263 58.000 81.615 94.874 73.007 146.103 90.934 135.004   0 54.452 98.412 102.801 127.664 75.293 90.554 8.944 97.867 117.414 46.872 98.031 114.739 109.073 73.437 122.413 119.817 104.403 58.830 49.820 128.082 113.278 113.323 65.299 86.833 29.547 
59.439 72.007 52.924 46.271 50.922 54.626 83.199 27.000 69.656 34.438 110.136 43.012 46.325 126.099 142.443 93.295 46.098 49.204 39.812 45.607 142.338 69.642 74.330 63.812 59.076 90.824 105.005 48.918 123.065 23.022 45.793 44.598 87.235 120.748 18.601 54.000 19.105 38.210 91.761 73.926 79.404 30.265 52.498 41.773 41.881 82.000 90.670 57.775 94.921 67.067 10.198 124.952 65.795 69.029 103.755 32.202 144.558 25.060 120.669 79.177 5.099 68.029 96.005 39.051 134.391 31.890 38.328 50.961 98.387 87.052 19.723 124.920 41.183 132.034 54.452   0 60.216 74.465 140.132 73.756 39.812 50.010 43.417 93.301 36.249 54.452 127.758 126.317 24.207 125.300 107.671 109.659 61.465 16.763 106.254 93.622 118.258 69.289 62.586 54.037 
48.836 69.635 15.000 30.150 52.010 57.009 35.777 41.340 79.158 53.141 54.148 92.650 60.828 86.770 120.216 88.600 32.140 76.400 41.195 47.265 118.802 56.921 14.318 90.255 68.000 76.059 65.513 17.117 106.607 56.604 78.109 84.172 78.000 106.780 41.617 101.597 79.202 67.067 76.538 15.133 63.977 79.057 69.584 43.738 59.666 48.104 47.508 58.138 40.050 18.439 53.235 93.408 83.096 38.588 55.362 89.805 120.934 39.217 89.022 21.095 64.900 38.079 40.012 69.289 82.152 61.327 81.884 49.000 88.102 53.740 61.685 69.260 29.017 91.285 98.412 60.216   0 21.190 114.022 55.946 32.016 98.615 55.579 39.205 52.498 11.705 104.690 108.231 37.577 91.837 62.394 82.735 58.549 51.856 52.038 43.966 88.617 61.131 24.187 78.447 
42.450 61.205 21.541 32.527 49.659 53.488 15.000 50.478 73.546 57.385 35.735 99.705 81.786 65.863 101.671 76.792 33.971 77.524 61.984 47.170 100.005 47.043 14.765 89.157 64.195 62.097 45.000 38.079 89.944 64.661 80.709 88.408 65.765 90.802 56.613 107.168 92.574 70.605 62.362 10.296 51.478 87.115 68.447 45.607 61.294 30.871 27.019 53.451 20.616 7.810 69.376 73.593 79.699 26.000 34.205 100.688 102.069 57.315 69.311 9.055 79.480 26.019 21.541 72.801 62.032 66.528 87.784 46.519 74.465 35.847 79.762 50.695 49.649 70.214 102.801 74.465 21.190   0 94.795 44.102 52.612 104.805 76.485 19.235 56.080 32.894 86.400 91.066 54.745 71.701 41.231 64.405 52.393 62.434 32.388 22.804 69.354 52.154 16.125 78.262 
80.994 70.456 104.623 99.298 89.286 86.122 80.056 114.586 80.056 106.231 85.796 135.015 168.585 36.878 10.050 54.452 98.387 104.019 149.251 94.557 7.000 70.520 109.124 100.841 85.376 49.820 51.039 128.406 24.166 118.360 110.018 119.004 55.145 29.069 129.865 134.629 150.625 108.780 48.836 104.805 60.729 130.465 94.260 98.681 100.623 66.219 68.118 82.976 86.608 95.588 141.510 21.954 89.275 77.936 68.000 148.486 8.246 137.306 25.807 100.896 144.641 78.772 89.185 109.554 71.063 111.803 124.064 89.185 46.098 60.440 155.242 83.546 137.568 38.053 127.664 140.132 114.022 94.795   0 66.851 140.064 135.300 163.267 85.440 104.293 124.964 13.000 20.125 133.270 25.080 59.481 31.906 79.076 123.369 81.025 76.276 25.456 71.063 91.400 100.005 
14.318 18.788 42.720 33.422 24.021 22.804 36.139 47.760 33.287 41.012 63.135 77.833 103.005 55.109 70.328 32.985 32.202 47.885 84.386 28.284 69.771 5.831 57.871 53.740 28.601 20.616 37.121 66.400 53.151 53.085 53.226 62.650 22.136 52.345 63.071 81.413 86.052 47.539 21.260 53.600 8.062 69.426 36.715 32.016 37.656 18.868 32.450 20.248 51.865 40.025 74.673 51.352 41.869 18.248 46.098 86.977 72.007 71.021 47.170 53.038 78.447 18.439 54.708 49.041 74.813 48.260 65.460 23.087 32.249 19.849 88.391 73.246 73.539 61.392 75.293 73.756 55.946 44.102 66.851   0 75.690 80.529 97.801 49.649 39.013 64.661 55.009 55.606 66.888 52.038 44.822 35.903 16.553 57.070 56.939 42.485 44.553 10.630 31.953 46.043 
63.891 83.487 35.777 42.450 61.400 66.731 66.219 37.363 88.142 52.887 86.052 81.025 29.411 116.456 145.000 105.000 43.932 76.118 9.487 55.073 144.031 74.330 45.277 91.591 76.059 96.167 94.705 15.033 128.818 49.041 75.326 78.026 95.776 127.988 25.080 91.591 57.983 64.630 96.876 47.011 83.439 67.268 73.682 50.120 61.685 74.303 77.162 69.116 72.062 47.802 30.017 120.830 88.544 62.129 86.683 72.014 146.240 14.866 116.362 53.009 43.046 61.294 72.000 66.483 114.158 57.428 73.335 59.363 106.963 80.131 33.015 101.124 3.000 121.433 90.554 39.812 32.016 52.612 140.064 75.690   0 87.864 24.042 71.176 53.451 21.213 129.402 131.137 17.117 119.854 93.145 108.167 71.281 41.012 84.054 75.313 115.248 76.837 49.193 79.831 
69.642 67.186 86.023 72.346 59.076 58.181 107.168 57.306 55.326 47.424 136.883 7.000 95.525 134.737 134.004 81.025 70.838 32.894 89.454 58.898 135.015 74.733 110.680 35.228 52.811 87.864 117.631 93.048 113.004 42.059 27.313 17.889 81.049 109.073 63.063 4.123 39.217 34.828 88.843 108.600 81.597 20.616 44.011 59.397 45.000 96.897 109.554 60.374 122.430 97.082 60.075 127.122 46.043 87.201 123.976 24.698 137.004 73.164 123.693 112.294 49.163 86.400 124.483 32.802 154.350 38.288 17.029 61.612 89.202 99.765 67.602 149.807 88.527 141.060 8.944 50.010 98.615 104.805 135.300 80.529 87.864   0 93.134 120.341 48.795 97.170 122.332 117.000 70.831 129.031 124.531 111.086 63.977 48.104 131.503 116.825 120.075 70.937 89.107 35.903 
85.041 103.325 59.615 64.405 80.722 85.796 90.250 54.203 105.683 68.797 109.073 86.145 5.385 140.456 167.800 125.208 65.605 89.554 14.560 74.330 166.976 95.776 68.029 104.924 93.814 117.924 118.680 38.471 150.864 61.327 87.316 87.556 116.726 149.683 38.275 97.185 56.569 77.878 118.697 70.257 105.262 73.682 89.694 69.354 77.698 97.944 101.193 88.527 95.525 71.840 33.956 144.451 104.317 85.475 110.635 72.443 169.198 27.659 139.979 76.236 44.011 84.599 95.258 79.310 137.615 70.682 81.584 79.209 128.082 103.755 26.306 124.016 26.926 145.465 97.867 43.417 55.579 76.485 163.267 97.801 24.042 93.134   0 94.763 69.893 44.181 152.266 153.405 31.890 143.600 117.175 131.370 91.241 52.802 107.466 99.247 138.708 97.622 73.007 93.941 
53.254 68.352 40.522 49.396 62.482 65.215 13.892 68.425 82.347 73.246 17.000 115.745 99.985 52.345 93.536 79.404 50.478 90.907 80.399 61.522 91.417 54.231 27.857 100.703 74.947 63.071 34.482 56.321 85.440 81.835 94.847 103.238 68.593 87.321 75.690 122.348 111.086 85.586 63.032 24.739 55.317 103.812 80.802 61.074 75.664 31.575 20.100 64.351 2.236 26.249 88.527 63.514 89.944 34.670 18.439 118.338 93.295 76.531 59.682 18.974 98.351 35.228 5.099 87.693 43.012 82.462 103.479 59.548 75.000 34.015 98.995 31.623 68.184 55.606 117.414 93.301 39.205 19.235 85.440 49.649 71.176 120.341 94.763   0 71.701 50.636 79.202 85.703 73.980 60.803 26.870 58.189 62.266 80.498 13.153 9.487 60.828 59.615 31.906 90.802 
25.080 35.847 38.484 23.854 15.133 18.385 58.822 16.155 35.805 2.000 88.408 44.045 74.404 93.536 106.283 57.428 22.204 24.187 59.506 11.402 106.254 34.234 63.063 39.013 24.083 54.708 73.756 52.010 86.816 14.142 25.632 32.450 50.990 84.534 31.623 51.088 47.043 14.765 55.660 60.539 43.738 32.650 20.248 10.630 8.246 51.245 62.650 21.541 73.756 48.415 39.825 90.272 35.114 39.812 76.922 49.041 108.467 42.544 86.145 63.820 40.497 38.910 75.743 17.000 107.838 10.817 31.828 16.031 62.177 55.317 53.600 101.789 52.631 99.725 46.872 36.249 52.498 56.080 104.293 39.013 53.451 48.795 69.893 71.701   0 54.231 91.761 90.078 38.471 91.049 78.772 74.545 25.298 19.723 83.235 68.797 83.385 33.242 40.311 27.019 
55.714 76.551 21.954 34.928 56.886 62.169 47.424 40.522 84.528 54.452 65.000 90.802 49.366 98.387 130.863 96.607 36.878 78.409 30.000 51.352 129.557 64.846 24.083 93.086 72.835 85.147 77.026 6.325 116.516 55.362 79.246 84.202 86.354 116.400 36.235 100.464 73.539 68.066 85.703 26.077 72.719 76.922 73.027 47.096 62.073 58.796 59.059 63.789 51.352 29.682 46.228 104.623 87.281 48.270 67.052 85.604 131.712 31.064 100.210 32.062 58.728 47.634 51.088 70.214 93.434 61.612 80.994 54.129 96.897 64.537 52.802 80.025 18.248 102.956 98.031 54.452 11.705 32.894 124.964 64.661 21.213 97.170 44.181 50.636 54.231   0 115.278 118.343 30.480 103.175 74.095 93.434 64.846 49.193 63.285 55.660 99.639 68.542 33.971 81.099 
68.942 57.559 94.366 87.983 76.844 73.498 72.111 102.552 67.067 93.680 82.000 122.016 157.544 36.346 15.620 41.593 86.954 91.022 138.452 82.280 14.765 58.310 101.020 87.966 72.443 37.108 44.944 118.343 13.454 105.773 97.021 106.005 42.190 18.385 118.068 121.696 137.873 95.885 36.139 96.607 48.466 117.516 81.302 86.539 87.864 56.586 60.539 70.342 80.623 86.371 129.468 19.105 76.322 67.476 62.936 135.532 17.000 125.897 21.095 93.193 132.197 68.250 83.385 96.628 71.701 99.040 111.072 76.896 33.136 50.990 143.265 82.055 127.004 39.560 114.739 127.758 104.690 86.400 13.000 55.009 129.402 122.332 152.266 79.202 91.761 115.278   0 10.296 121.803 23.195 54.818 22.023 66.483 111.000 76.655 69.778 18.682 58.523 81.394 87.006 
68.797 54.708 96.897 89.022 75.584 71.694 77.369 102.083 62.290 91.924 89.944 117.209 158.600 46.098 17.029 36.056 87.801 86.701 139.946 81.413 18.111 57.983 105.816 82.098 69.123 35.847 52.173 120.934 4.123 103.817 92.655 101.316 39.217 8.944 117.992 116.069 135.163 92.650 34.986 101.356 48.260 113.772 77.666 85.959 85.381 60.465 66.310 68.542 87.281 90.211 128.825 28.862 71.028 70.093 70.406 131.685 20.025 126.491 30.150 98.412 130.545 70.767 90.139 93.172 81.394 96.462 106.794 76.059 28.636 55.227 142.706 91.022 128.888 49.649 109.073 126.317 108.231 91.066 20.125 55.606 131.137 117.000 153.405 85.703 90.078 118.343 10.296   0 122.319 32.985 62.650 27.514 64.885 109.659 84.345 76.217 27.000 57.245 84.386 82.389 
53.600 71.449 34.015 34.015 48.836 53.907 66.000 22.472 74.095 37.577 90.244 64.031 36.770 113.565 137.201 93.349 34.886 59.908 21.190 42.450 136.565 64.405 51.894 75.432 62.129 86.608 91.782 24.759 119.620 32.249 58.694 61.000 85.041 118.229 8.000 74.525 43.186 48.270 87.419 52.202 74.061 50.220 58.600 37.483 46.519 69.642 75.425 56.639 75.313 48.166 15.811 115.521 73.410 56.613 87.000 56.080 138.798 4.243 111.072 57.871 28.284 55.660 75.928 50.010 116.520 41.000 56.223 47.381 96.426 75.286 25.080 105.323 17.720 119.050 73.437 24.207 37.577 54.745 133.270 66.888 17.117 70.831 31.890 73.980 38.471 30.480 121.803 122.319   0 115.109 92.266 101.553 59.397 24.021 87.132 76.059 109.385 65.947 46.271 63.891 
66.189 61.847 84.077 81.320 76.007 74.108 56.727 98.656 74.673 93.048 60.745 127.475 148.977 13.153 34.205 53.254 80.777 96.317 129.248 80.225 31.623 57.009 85.586 96.933 76.485 41.437 26.870 107.187 35.114 105.119 102.181 111.611 48.847 39.395 112.792 129.120 138.091 98.509 40.497 81.394 48.260 120.599 85.510 83.600 89.140 45.695 44.688 71.176 61.855 73.498 125.172 4.123 84.504 58.523 43.046 138.438 33.242 118.929 5.385 77.078 130.115 59.464 64.351 99.725 48.508 100.045 115.572 75.107 44.407 39.925 138.495 59.304 117.184 17.000 122.413 125.300 91.837 71.701 25.080 52.038 119.854 129.031 143.600 60.803 91.049 103.175 23.195 32.985 115.109   0 34.482 18.028 67.186 108.780 55.946 51.856 9.434 59.304 70.661 93.145 
55.009 62.241 58.549 61.400 65.742 66.370 26.926 80.895 77.104 80.654 27.295 121.198 122.528 25.495 68.154 65.795 61.660 92.358 102.616 67.417 65.795 50.606 53.535 98.412 73.410 49.193 11.180 79.057 63.198 91.482 97.417 106.677 56.436 66.008 92.005 125.718 123.556 90.338 48.754 49.739 46.755 111.234 81.271 68.964 80.056 27.731 17.029 64.351 27.659 45.354 105.019 37.577 86.279 39.294 8.602 127.758 67.543 95.525 34.176 44.654 112.752 40.262 30.000 92.130 30.000 89.320 108.674 63.561 59.135 25.000 117.107 31.016 90.250 29.155 119.817 107.671 62.394 41.231 59.481 44.822 93.145 124.531 117.175 26.870 78.772 74.095 54.818 62.650 92.266 34.482   0 36.000 61.033 92.574 21.840 18.868 36.139 55.317 46.043 90.802 
50.220 43.932 72.801 67.543 59.414 57.035 50.249 83.522 56.648 76.531 63.127 109.659 136.693 26.870 37.483 36.125 66.708 78.447 117.346 64.133 36.125 40.311 79.057 78.924 58.694 23.409 25.080 96.675 27.459 88.685 84.345 93.744 30.871 30.017 98.433 111.126 121.499 81.099 22.472 74.632 31.016 103.175 67.742 67.912 72.007 34.655 38.910 54.009 59.775 64.382 110.368 16.125 66.483 46.043 43.290 121.103 38.288 105.551 12.649 71.344 114.337 46.872 62.642 82.219 59.093 83.054 97.867 58.856 27.586 29.000 123.976 65.924 105.683 32.650 104.403 109.659 82.735 64.405 31.906 35.903 108.167 111.086 131.370 58.189 74.545 93.434 22.023 27.514 101.553 18.028 36.000   0 50.010 92.962 57.315 48.703 9.055 42.000 59.666 75.186 
10.050 12.207 43.738 30.083 10.817 7.071 48.374 37.802 21.213 27.203 77.201 61.351 96.167 71.309 80.994 33.971 28.231 31.385 79.025 17.029 80.957 10.770 64.195 38.601 12.806 29.411 53.666 65.000 61.717 39.294 36.674 46.098 26.077 59.682 54.037 64.885 71.701 31.401 30.364 60.407 19.000 53.460 20.248 21.932 22.000 33.971 47.381 4.000 64.498 46.390 64.140 66.008 27.731 27.731 61.555 71.253 83.169 63.640 62.073 61.392 65.788 27.313 67.119 32.757 91.022 33.061 49.041 12.042 37.443 36.056 78.032 88.414 69.642 77.621 58.830 61.465 58.549 52.393 79.076 16.553 71.281 63.977 91.241 62.266 25.298 64.846 66.483 64.885 59.397 67.186 61.033 50.010   0 44.777 71.218 56.400 59.000 8.062 37.216 29.833 
42.755 55.570 41.400 31.623 34.176 38.013 69.289 12.083 54.452 18.028 97.494 41.629 56.824 110.000 125.718 77.104 31.048 36.770 44.721 28.862 125.591 52.887 65.054 52.202 43.278 74.095 89.202 44.944 106.452 8.544 34.928 37.014 70.661 104.235 16.031 51.546 31.048 25.080 75.027 63.781 62.642 27.731 37.643 25.179 26.173 66.189 75.710 41.146 82.298 54.708 20.518 108.342 51.865 53.460 89.286 38.419 127.812 27.295 104.087 68.411 21.378 52.469 83.726 26.571 120.208 17.889 32.558 34.205 81.884 71.028 34.059 111.893 41.195 116.017 49.820 16.763 51.856 62.434 123.369 57.070 41.012 48.104 52.802 80.498 19.723 49.193 111.000 109.659 24.021 108.780 92.574 92.962 44.777   0 93.107 79.712 101.607 52.555 48.847 41.146 
62.968 75.664 53.600 61.717 72.863 75.007 24.413 81.025 90.211 84.876 6.325 127.201 112.641 45.486 89.889 83.678 62.650 101.119 93.193 72.622 87.464 62.129 39.812 109.809 84.024 66.940 32.249 69.116 84.717 94.021 105.418 114.110 73.376 87.281 88.769 133.304 123.859 96.675 66.708 37.216 61.327 115.663 90.609 72.670 86.556 38.079 24.597 73.756 12.000 39.294 101.637 59.237 98.473 44.553 14.036 130.648 89.157 89.677 55.973 31.257 111.319 45.277 12.369 98.717 30.150 94.048 114.809 70.093 78.090 38.626 112.147 18.788 81.056 47.508 128.082 106.254 52.038 32.388 81.025 56.939 84.054 131.503 107.466 13.153 83.235 63.285 76.655 84.345 87.132 55.946 21.840 57.315 71.218 93.107   0 14.866 57.974 67.417 44.283 100.568 
48.104 61.270 42.048 48.104 58.052 60.141 10.440 67.676 75.664 70.491 20.809 112.645 104.561 44.204 84.220 70.859 48.847 86.267 84.723 58.009 82.152 47.508 34.670 95.000 69.203 54.332 25.239 60.877 75.961 80.056 90.609 99.358 60.208 77.878 76.792 118.562 110.680 82.006 54.231 30.887 47.434 101.356 75.743 58.310 71.840 23.770 11.045 58.898 11.180 28.018 89.805 54.406 83.762 29.732 11.402 116.730 84.060 79.000 50.478 25.807 98.717 30.480 14.142 84.024 40.792 79.612 100.210 55.317 66.068 25.318 101.124 33.015 72.367 48.021 113.278 93.622 43.966 22.804 76.276 42.485 75.313 116.825 99.247 9.487 68.797 55.660 69.778 76.217 76.059 51.856 18.868 48.703 56.400 79.712 14.866   0 51.478 52.839 31.048 85.703 
58.856 52.953 79.612 75.392 68.264 66.008 54.672 91.924 65.460 85.376 63.348 118.697 144.059 20.591 32.757 43.829 74.673 87.476 124.531 72.835 30.806 49.163 83.738 87.664 67.742 32.280 26.401 103.228 28.284 97.514 93.381 102.772 39.560 32.016 106.569 120.071 130.384 90.139 31.321 79.398 40.000 112.219 76.792 76.485 81.000 41.049 42.802 63.000 62.169 70.178 118.680 7.071 75.273 53.235 44.272 130.138 32.802 113.318 4.243 75.604 122.984 54.120 64.885 91.269 55.082 92.022 106.921 67.602 35.000 35.228 132.197 64.031 112.681 25.612 113.323 118.258 88.617 69.354 25.456 44.553 115.248 120.075 138.708 60.828 83.385 99.639 18.682 27.000 109.385 9.434 36.139 9.055 59.000 101.607 57.974 51.478   0 51.010 66.287 84.172 
13.038 9.055 46.819 34.670 18.385 15.133 45.880 44.944 22.825 35.171 73.573 68.680 102.650 63.891 73.164 28.302 33.015 38.079 84.959 24.187 73.055 5.385 65.069 43.139 18.358 21.541 47.170 69.354 54.203 47.297 43.658 53.141 19.105 52.431 61.033 71.589 79.762 39.205 22.472 61.008 11.045 61.294 26.926 28.844 30.017 29.411 43.012 12.042 61.847 47.043 71.589 58.034 31.241 26.306 56.727 79.158 75.273 70.178 54.148 61.205 73.682 26.173 64.622 40.447 85.276 41.110 56.515 18.868 30.480 30.414 85.475 83.869 75.000 70.214 65.299 69.289 61.131 52.154 71.063 10.630 76.837 70.937 97.622 59.615 33.242 68.542 58.523 57.245 65.947 59.304 55.317 42.000 8.062 52.555 67.417 52.839 51.010   0 38.210 35.847 
27.166 47.096 13.416 17.493 33.615 37.643 20.616 36.770 58.421 41.725 48.877 84.220 78.390 67.720 97.000 64.846 18.601 61.400 58.600 31.064 95.776 33.541 27.019 73.164 48.508 51.884 45.880 37.014 82.620 49.930 64.637 72.471 54.083 82.662 46.098 91.351 79.712 54.672 52.355 23.195 39.925 72.007 52.393 29.732 45.222 25.239 29.155 37.855 33.838 9.220 59.135 71.694 64.031 14.422 41.304 86.452 97.949 49.649 67.231 24.698 67.683 13.892 35.609 56.851 71.805 50.931 72.125 30.463 63.977 31.064 71.063 63.071 46.530 73.007 86.833 62.586 24.187 16.125 91.400 31.953 49.193 89.107 73.007 31.906 40.311 33.971 81.394 84.386 46.271 70.661 46.043 59.666 37.216 48.847 44.283 31.048 66.287 38.210   0 62.169 
37.643 31.321 63.789 48.508 28.653 25.612 77.006 42.579 20.100 27.166 106.405 35.014 97.949 99.161 99.408 46.390 46.573 5.000 85.071 31.623 100.180 40.224 87.596 12.000 17.493 51.971 83.006 79.025 78.518 32.650 10.440 19.000 45.277 74.967 56.303 36.056 56.080 16.125 52.953 84.504 46.098 32.311 10.000 34.713 19.026 63.781 77.104 26.870 93.005 71.176 61.057 91.220 12.530 56.223 91.351 49.729 102.240 67.676 87.801 86.816 56.586 55.606 95.441 15.000 120.801 23.259 24.515 31.765 54.037 65.803 73.600 118.089 79.246 105.475 29.547 54.037 78.447 78.262 100.005 46.043 79.831 35.903 93.941 90.802 27.019 81.099 87.006 82.389 63.891 93.145 90.802 75.186 29.833 41.146 100.568 85.703 84.172 35.847 62.169   0 
9.384543197231869
0.3389724045468828
0.28642766016624155
1.2499125035362508
3.591930009450094
9.431153420973068
0.31908128249460466
8.2910236344156
0.23461358284803618
7.7964714947746305
0.26456676337696255
4.1295451395206255
0.1410776073835639
0.10619622900485698
3.8527834744513525
4.237709115970966
9.259264459125589
0.40108045494836153
0.11973304306814067
0.4851106133583445
7.9585261015706035
5.603526988445161
0.49519952454820276
0.1645953575368407
5.313258418956224
0.3705837440393048
0.20902241658782153
8.149103648527973
7.722320610136015
17.287900595644487
3.2861562635777894
4.199089946348954
11.232997423317054
13.366691453413736
0.28424756029257
0.11954947804542235
14.16238492242823
3.6699008525279315
0.34292184482250754
8.28899154929279
7.383880583924218
3.202019594553944
0.3894887754509233
0.4288712702660555
14.400289668754505
0.32551264778889855
0.2788176416443038
0.9191500032581137
7.958527027218849
6.30808869407277
7.285876719604524
0.14627435767764688
3.1828602759137787
10.001970141519474
0.3247052106287872
0.15847934907954353
7.911174551626715
0.2848407076962959
0.16077329514055735
3.3870570713892176
13.441213793206112
5.505485321698735
12.61509993753176
3.6294058013148236
3.0962133218092407
0.5790630020521134
0.27812626769061916
0.6658865122703959
3.261818566485362
3.221985918693054
5.168686633671352
9.098091581226836
0.16762592305932342
0.09050827920555946
0.1290960452335338
9.567929382592894
14.184737389153721
3.3655811674829303
0.33706346557489464
8.4587128991515
0.1492354568986873
0.16457475689736176
3.077086521196242
1.2273087053429852
4.245815574759267
0.3447726523222151
7.243012147896798
6.560518761661425
3.1898514755387786
0.12938952592069025
10.14542706073932
7.151292187196819
0.5603932708627797
0.45978349386664347
3.2622310677045143
10.25467977639151
0.2057739584664872
4.4940053975242975
3.320406810165156
3.245471814314416
